0.30 0.71 0.29   65536 0.33  -63309.220
   1  0.3300  0.5000  0.5000 -65536.000 
   2  0.3300  0.5473  0.4527 -64757.761 
   3  0.3253  0.5864  0.4136 -64214.331 
   4  0.3185  0.6178  0.3822 -63847.270 
   5  0.3115  0.6423  0.3577 -63613.395 
   6  0.3052  0.6607  0.3393 -63473.539 
   7  0.3001  0.6744  0.3256 -63394.588 
   8  0.2961  0.6842  0.3158 -63352.084 
   9  0.2931  0.6913  0.3087 -63330.030 
  10  0.2910  0.6963  0.3037 -63318.895 
  11  0.2894  0.6997  0.3003 -63313.383 
  12  0.2884  0.7022  0.2978 -63310.693 
  13  0.2877  0.7039  0.2961 -63309.391 
  14  0.2872  0.7051  0.2949 -63308.764 
  15  0.2869  0.7059  0.2941 -63308.463 
  16  0.2868  0.7065  0.2935 -63308.318 
  17  0.2867  0.7069  0.2931 -63308.247 
  18  0.2866  0.7072  0.2928 -63308.211 
