0.30 0.71 0.29   65536 0.30  -63309.220
   1  0.3000  0.5000  0.5000 -65536.000 
   2  0.3000  0.5517  0.4483 -64628.574 
   3  0.2951  0.5922  0.4078 -64055.876 
   4  0.2887  0.6230  0.3770 -63710.202 
   5  0.2826  0.6457  0.3543 -63514.618 
   6  0.2776  0.6619  0.3381 -63410.671 
   7  0.2738  0.6732  0.3268 -63358.207 
   8  0.2711  0.6811  0.3189 -63332.738 
   9  0.2692  0.6865  0.3135 -63320.707 
  10  0.2680  0.6902  0.3098 -63315.122 
  11  0.2673  0.6927  0.3073 -63312.550 
  12  0.2669  0.6944  0.3056 -63311.363 
  13  0.2667  0.6956  0.3044 -63310.806 
  14  0.2667  0.6965  0.3035 -63310.532 
  15  0.2667  0.6971  0.3029 -63310.385 
  16  0.2669  0.6975  0.3025 -63310.297 
  17  0.2670  0.6979  0.3021 -63310.234 
  18  0.2672  0.6981  0.3019 -63310.183 
  19  0.2675  0.6984  0.3016 -63310.138 
